camera_matrix:
  cols: 3
  data: [372.4937429981607, 0.0, 323.53613458259645, 0.0, 375.9149100433915, 251.169509241284,
    0.0, 0.0, 1.0]
  rows: 3
camera_name: duckbin/camera_node
distortion_coefficients:
  cols: 5
  data: [-0.35262808360830133, 0.09966517334167244, -0.006645372144408112, -0.0020420318170691096,
    0.0]
  rows: 1
distortion_model: plumb_bob
image_height: 480
image_width: 640
projection_matrix:
  cols: 4
  data: [268.662109375, 0.0, 319.839364415966, 0.0, 0.0, 309.919189453125, 249.62567416999082,
    0.0, 0.0, 0.0, 1.0, 0.0]
  rows: 3
rectification_matrix:
  cols: 3
  data: [1.0, 0.0, 0.0, 0.0, 1.0, 0.0, 0.0, 0.0, 1.0]
  rows: 3
